18234509785 123123
18234509790 123123
18234509117 123123
18234509156 123123
18234509165 123123
18234509191 123123
18234509830 123123
18234509847 123123
15383652462 123123
15383652467 123123
15383652482 123123
18234509468 123123
18234509469 123123
18234509726 123123
18234509769 123123

18234509302 123123
18234509325 123123
18234509327 123123
18234509389 123123
18234509391 123123
18234509449 123123
18234509795 123123
18234509800 123123
18234509813 123123
15383652496 123123
15383652505 123123
15383652561 123123
15383652637 123123
15383656117 123123
15383656125 123123
15383656171 123123
15383656178 123123
15383656182 123123
15383656240 123123
15383656259 123123
15383656284 123123
15383656349 123123
15383651568 123123
15383651586 123123
15383651721 123123
15383651890 123123
15383652040 123123
15383652042 123123
15383652137 123123
15383652149 123123
15383652325 123123
15383652352 123123
15383652389 123123
15383652404 123123
15386951875 123123
15386951876 123123
15386951877 123123
15386951878 123123

18135511646 123123
18135513800 123123
18135513973 123123
18135513975 123123
18135513994 123123
18135513997 123123
18135515380 123123
18135515427 123123
18135515589 123123
18135515619 123123
18135515643 123123
18135515648 123123
18135515682 123123
18135515690 123123
18135515707 123123
18135515717 123123
18135515718 123123
18135515721 123123
18135515749 123123
18135515751 123123
18135515754 123123
18135515768 123123
18135515794 123123
18135515816 123123
18135515820 123123
18135515828 123123
18135515861 123123
18135515873 123123
18135515887 123123
18135515891 123123
18135515905 123123
18135515910 123123
18135515925 123123
18135515953 123123
18135515998 123123
18135518000 123123
18234504585 123123
18234504600 123123
18234504606 123123
18234504607 123123
18234504678 123123
18234504680 123123
18234504688 123123
18234504705 123123
18234504728 123123
18234504771 123123
18234504799 123123
18234504846 123123
18234504863 123123
18234504936 123123
18234504958 123123
18234504959 123123
18234504989 123123
18234504992 123123
18234505067 123123
18234505149 123123
18234505209 123123
18234505267 123123
18234505276 123123
18234505285 123123
18234505397 123123
18234505431 123123
18234505436 123123
18234505514 123123
18234505549 123123
18234505613 123123
18234505957 123123
18234505981 123123
18234505987 123123
18234506074 123123
18234506075 123123
18234506084 123123
18234506102 123123
18234506136 123123
18234506139 123123
18234506245 123123
18234506256 123123
18234506292 123123
18234506378 123123
18234506380 123123
18234506386 123123
18234506426 123123
18234506450 123123
18234506469 123123
18234506502 123123
18234506624 123123
18234506645 123123
18234506830 123123
18234506855 123123
18234506861 123123
18234506912 123123
18234506917 123123
18234506927 123123
18234506944 123123
18234507026 123123
18234507033 123123
18234507254 123123
18234507258 123123
18234507446 123123
18234507527 123123
18234507536 123123
18234507537 123123
18234507547 123123
18234507572 123123
18234507648 123123
18234507805 123123
18234507926 123123
18234508092 123123
18234508176 123123
18234508193 123123
18234508209 123123
18234508221 123123
18234508231 123123
18234508242 123123
18234508253 123123
18234508272 123123
18234508346 123123
18234508348 123123
18234508350 123123
18234508452 123123
18234508492 123123
18234508789 123123
18234508826 123123
18234508834 123123
18234508836 123123
18234508902 123123
18234508912 123123
18234508919 123123
18234508946 123123
18234508950 123123
18234508957 123123
18234508964 123123
18234508965 123123
18234508980 123123
18234508983 123123
18234508995 123123

18234509895 123123
